#FIG 3.2
Landscape
Center
Inches
Letter
100.00
Single
-2
1200 2
1 3 0 1 0 0 100 0 20 0.000 1 0.0000  5132 7009 50 50 5132 7009 5182 7009
1 3 0 1 0 0 100 0 20 0.000 1 0.0000  3102 999 50 50 3102 999 3152 999

1 3 0 1 0 0 100 0 20 0.000 1 0.0000  5132 2219 50 50 5132 2219 5182 2219
1 3 0 1 0 0 100 0 20 0.000 1 0.0000  3102 2699 50 50 3102 2699 3152 2699

2 1 0 3 0 7 100 0 -1 0.000 0 0 -1 0 0 31
	 5132 7010 4632 6983 4145 6906 3679 6781 3242 6614 2840 6409
	 2476 6173 2153 5911 1871 5630 1631 5334 1432 5027 1272 4713
	 1150 4397 1065 4080 1016 3767 1000 3459 1015 3160 1061 2872
	 1134 2598 1233 2340 1355 2101 1496 1883 1654 1689 1824 1518
	 2003 1373 2187 1253 2374 1158 2560 1087 2743 1038 2924 1009
	 3102 1000
2 1 0 1 0 7 100 0 -1 0.000 0 0 -1 0 0 31
	 5132 2220 5130 2252 5116 2338 5083 2459 5029 2600 4954 2748
	 4860 2891 4753 3024 4638 3139 4518 3236 4399 3314 4285 3372
	 4177 3414 4077 3440 3986 3455 3901 3459 3823 3455 3750 3444
	 3679 3425 3608 3398 3538 3362 3468 3316 3398 3260 3331 3192
	 3268 3115 3213 3029 3167 2940 3133 2853 3113 2776 3104 2721
	 3102 2700
