0	65
1.47761	62
2.95522	63
4.43284	61
5.91045	57
7.38806	62
8.86567	57
10.3433	55
11.8209	57
13.2985	153
14.7761	140
16.2537	62
17.7313	61
19.209	64
20.6866	63
22.1642	66
23.6418	68
25.1194	73
26.597	97
28.0746	105
29.5522	115
31.0299	105
32.5075	63
33.9851	62
35.4627	89
36.9403	149
38.4179	120
39.8955	90
41.3731	66
42.8507	68
44.3284	76
45.806	68
47.2836	74
48.7612	103
50.2388	143
51.7164	139
53.194	70
54.6716	50
56.1493	55
57.6269	51
59.1045	61
60.5821	64
62.0597	56
63.5373	53
65.0149	56
66.4925	53
67.9701	56
69.4478	60
70.9254	60
72.403	64
73.8806	66
75.3582	68
76.8358	63
78.3134	58
79.791	61
81.2687	57
82.7463	60
84.2239	61
85.7015	59
87.1791	59
88.6567	56
90.1343	53
91.6119	57
93.0896	65
94.5672	66
96.0448	62
97.5224	61
99	61
