0	65
1	62
2	61
3	61
4	61
5	63
6	72
7	74
8	72
9	69
10	70
11	67
12	68
13	69
14	67
15	65
16	89
17	103
18	90
19	95
20	64
21	66
22	73
23	82
24	95
25	94
26	82
27	82
28	86
29	79
30	78
31	82
32	80
33	78
34	75
35	73
36	76
37	84
38	83
39	86
40	90
41	96
42	101
43	103
44	99
45	99
46	96
47	90
48	88
49	87
50	93
51	100
52	90
53	90
54	85
55	83
56	87
57	87
58	86
59	81
60	78
61	77
62	82
63	90
64	88
65	85
66	87
67	89
68	88
69	84
70	78
71	83
72	87
73	87
74	88
75	86
76	82
77	75
78	72
79	67
80	65
81	62
82	66
83	68
84	75
85	83
86	87
87	90
88	96
89	99
90	97
91	99
92	97
93	96
94	92
95	89
96	84
97	80
98	75
99	63
100	62
101	62
102	62
103	62
104	64
105	65
106	66
107	63
108	61
109	64
110	63
111	58
