0	115
0.894126	114
1.78825	122
2.68238	126
3.5765	118
4.47063	119
5.36476	120
6.25888	125
7.15301	133
8.04713	128
8.94126	128
9.83539	125
10.7295	126
11.6236	98
12.5178	100
13.4119	109
14.306	104
15.2001	106
16.0943	102
16.9884	102
17.8825	108
18.7766	108
19.6708	106
20.5649	99
21.459	111
22.3532	111
23.2473	105
24.1414	106
25.0355	106
25.9297	99
26.8238	127
27.7179	112
28.612	118
29.5062	127
30.4003	112
31.2944	113
32.1885	115
33.0827	115
33.9768	115
34.8709	130
35.765	125
36.6592	122
37.5533	176
38.4474	173
39.3415	166
40.2357	167
41.1298	153
42.0239	153
42.9181	135
43.8122	156
44.7063	148
45.6004	129
46.4946	130
47.3887	122
48.2828	119
49.1769	118
50.0711	141
50.9652	141
51.8593	138
52.7534	140
53.6476	140
54.5417	128
55.4358	142
56.3299	137
57.2241	152
58.1182	114
59.0123	114
59.9064	107
60.8006	100
61.6947	119
62.5888	93
63.483	106
64.3771	121
65.2712	106
66.1653	109
67.0595	109
67.9536	104
68.8477	119
69.7418	113
70.636	95
71.5301	108
72.4242	118
73.3183	97
74.2125	100
75.1066	94
