# Sced Scene Description file
# Thu Mar 16 10:02:07 2000

Internal
Version 1.0
MainViewport
LookFrom 0.593307921338274 -0.76639380525359 0.24622397475912
LookAt 0 0 0
LookUp 0 0 1
ViewDist 20
EyeDist 20
Magnify 100
Mode 2
Screen 689 567
Axes 135090388

Viewport "Viewport_0"
LookFrom 0.593307921338274 -0.76639380525359 0.24622397475912
LookAt 0 0 0
LookUp 0 0 1
ViewDist 20
EyeDist 20
Magnify 100
Mode 2
Screen 689 567
Viewport "Viewport_1"
LookFrom 0.00316361362484834 -0.00267697826607588 0.999991412631226
LookAt 0 0 0
LookUp 0 0 1
ViewDist 20
EyeDist 20
Magnify 100
Mode 2
Screen 689 567
Layer

Ambient 0 0 0

Camera 0
135087884
Transformation
1 0 0
0 1 0
0 0 1
0 0 0
Features 4
0 0 0 0
3
1 32768 "X-Y Plane" 0 0 0 0 1
0 0 0
1
3 0 0 0 0
1 32768 "Y-Z Plane" 0 0 1 0 0
0 0 0
1
3 0 0 0 0
1 32768 "Z-X Plane" 0 0 0 1 0
0 0 0
1
3 0 0 0 0
0

1 0 0 1
1
2 12288 "Current" 0 0 0 0 1
0 0 0
1
3 1 0 0 1
0

2 1 0 0
1
2 12288 "Current" 0 0 1 0 0
0 0 0
1
3 2 1 0 0
0

3 1 1 0
4
1 16384 "Major Plane" 0 0 0 0 1
1 1 0
2
3 3 1 1 0
3 1 0 0 1
1 16384 "Minor Plane" 0 0 1 0 0
1 1 0
2
3 3 1 1 0
3 2 1 0 0
1 16384 "Other Plane" 0 1 0 1 0
1 1 0
2
3 3 1 1 0
4 0 1 0
2 3 "ChangeFOV" 0 0 1 1 0
0 0 0
2
3 3 1 1 0
2 135087884 0 0 0
0


Dependents 0
Default
LookFrom 0 0 1
LookAt 0 0 -1
LookUp 1 0 0
EyeDist 1
HFOV 90
VFOV 90
Screen 0 0

Declare
""""""""""
BaseObjects
135112528
135137544
135147536
135152304
135158112
135160216
135163088
135165656
135169112
135171120
135190064
135196928

Instances
"Cube_0"
135297160
135112528
Dense 0
Transformation
3.84162375537005 0 0
0 3.24747689179781 0
0 0 0.076758670039677
0 0 0
Attributes 135298440 1
1 1 1 1 0 0 0 0 1 0 """"""""""""
0 0 1 1 1 1 10 771 0 0
Alias 0
LOD 0
Layer 0
Features 4
0 0 0 0
3
1 32768 "X-Y Plane" 0 0 0 0 1
0 0 0
1
3 0 0 0 0
1 32768 "Y-Z Plane" 0 0 1 0 0
0 0 0
1
3 0 0 0 0
1 32768 "Z-X Plane" 0 0 0 1 0
0 0 0
1
3 0 0 0 0
0

1 0 0 1
1
2 12288 "Current" 0 0 0 0 1
0 0 0
1
3 1 0 0 1
0

2 1 0 0
1
2 12288 "Current" 0 0 1 0 0
0 0 0
1
3 2 1 0 0
0

3 3.84162375537005 3.24747689179781 -0.076758670039677
4
1 16384 "Major Plane" 0 0 0 0 1
3.84162375537005 3.24747689179781 -0.076758670039677
2
3 3 3.84162375537005 3.24747689179781 -0.076758670039677
3 1 0 0 1
1 16384 "Minor Plane" 1 0 1 0 0
3.84162375537005 3.24747689179781 -0.076758670039677
2
3 3 3.84162375537005 3.24747689179781 -0.076758670039677
3 2 1 0 0
1 16384 "Other Plane" 0 0 0 1 0
3.84162375537005 3.24747689179781 -0.076758670039677
2
3 3 3.84162375537005 3.24747689179781 -0.076758670039677
4 0 1 0
2 3 "Uniform" 0 0 0.763603913293885 0.645504666989285 -0.0152574079488129
0 0 0
2
3 0 0 0 0
3 3 3.84162375537005 3.24747689179781 -0.076758670039677
1


Dependents 1 135349008 1

"Cone_2"
135349008
135152304
Dense 3
Transformation
0.953766697486905 -0.0443464242561355 -0.297258273931302
-0.286688439650269 -0.431124702348614 -0.855535638997997
-0.0902154384560463 0.901201911715965 -0.423905990738123
0.297258273931302 0.855535638997998 0.500664660777799
Attributes 135350848 1
1 1 1 1 0 0 0 0 1 0 """"""""""""
0 0 1 1 1 1 10 771 0 0
Alias 0
LOD 0
Layer 0
Features 4
0 -0.297258273931302 -0.855535638997998 -0.423905990738122
4
1 32768 "X-Y Plane" 0 0 0 0 1
0 0 0.0803444745407083
1
3 0 0 0 0.0803444745407083
1 32768 "Y-Z Plane" 0 0 1 0 0
0 0 0.0803444745407083
1
3 0 0 0 0.0803444745407083
1 32768 "Z-X Plane" 0 0 0 1 0
0 0 0.0803444745407083
1
3 0 0 0 0.0803444745407083
3 1 "Point 0" 1 0 0 0 0.076758670039677
1
2 135297160 0 0 1
1

1 -0.297258273931303 -0.855535638997997 -0.423905990738123
3
2 12288 "Current" 1 0 -0.297258273931303 -0.855535638997998 -0.423905990738124
0 0 0.076758670039677
1
3 1 -0.297258273931303 -0.855535638997997 -0.423905990738123
2 4099 "Axis 1" 0 0 0.229617319915927 -0.491602848582596 0.840001503367764
0 0 0.076758670039677
2
1 -0.707106781186548 -0.707106781186547 -1
0 -2.22044604925031e-15 -0.729042814307075 1
2 4099 "Axis 2" 0 0 0.268586664359123 0.959301398191336 0.0871896275745379
0 0 0.076758670039677
2
0 -0.60057803935692 -2.14506313726642 -0.0638272932007005
0 5.55111512312578e-17 0 0.131134640988856
0

2 0.953766697486905 -0.286688439650268 -0.0902154384560469
1
2 12288 "Current" 0 0 0.953766697486905 -0.286688439650269 -0.0902154384560469
0 0 0.076758670039677
1
3 2 0.953766697486905 -0.286688439650268 -0.0902154384560469
0

3 0.940315516081302 0.347965098665764 0.997360025430774
4
1 16384 "Major Plane" 0 0 -0.297258273931303 -0.855535638997998 -0.423905990738124
1.2375737900126 1.20350073766376 1.49802468620857
2
3 3 1.2375737900126 1.20350073766376 1.49802468620857
3 1 -0.297258273931303 -0.855535638997997 -0.423905990738123
1 16384 "Minor Plane" 0 0 0.953766697486905 -0.286688439650269 -0.0902154384560469
1.2375737900126 1.20350073766376 1.49802468620857
2
3 3 1.2375737900126 1.20350073766376 1.49802468620857
3 2 0.953766697486905 -0.286688439650268 -0.0902154384560469
1 16384 "Other Plane" 0 0 -0.0443464242561351 -0.431124702348615 0.901201911715967
1.2375737900126 1.20350073766376 1.49802468620857
2
3 3 1.2375737900126 1.20350073766376 1.49802468620857
4 -0.0443464242561351 -0.431124702348614 0.901201911715966
2 3 "ChangeRad" 0 0 -0.64305724215 0.507570540332234 -0.573454034692652
1.2375737900126 1.20350073766376 1.49802468620857
2
3 3 1.2375737900126 1.20350073766376 1.49802468620857
2 135349008 0 0 -1
0


Dependents 0

"Cylinder_0"
135319736
135147536
Dense 3
Transformation
2.1769195359042 0 0
0 2.1769195359042 0
0 0 0.0339260467910503
0 0 0
Attributes 135386432 1
1 1 1 1 0 0 0 0 1 0 """"""""""""
0 0 1 1 1 1 10 771 0 0
Alias 0
LOD 0
Layer 0
Features 4
0 0 0 0
3
1 32768 "X-Y Plane" 0 0 0 0 1
0 0 0
1
3 0 0 0 0
1 32768 "Y-Z Plane" 0 0 1 0 0
0 0 0
1
3 0 0 0 0
1 32768 "Z-X Plane" 0 0 0 1 0
0 0 0
1
3 0 0 0 0
0

1 0 0 1
1
2 12288 "Current" 0 0 0 0 1
0 0 0
1
3 1 0 0 1
0

2 1 0 0
1
2 12288 "Current" 0 0 1 0 0
0 0 0
1
3 2 1 0 0
0

3 1.53931456593534 1.53931456593534 0.0339260467910503
4
1 16384 "Major Plane" 0 0 0 0 1
1.53931456593534 1.53931456593534 0.0339260467910503
2
3 3 1.53931456593534 1.53931456593534 0.0339260467910503
3 1 0 0 1
1 16384 "Minor Plane" 0 0 1 0 0
1.53931456593534 1.53931456593534 0.0339260467910503
2
3 3 1.53931456593534 1.53931456593534 0.0339260467910503
3 2 1 0 0
1 16384 "Other Plane" 0 0 0 1 0
1.53931456593534 1.53931456593534 0.0339260467910503
2
3 3 1.53931456593534 1.53931456593534 0.0339260467910503
4 0 1 0
2 3 "ChangeRad" 0 0 -0.707106781186548 -0.707106781186548 -3.1874829498579e-18
1.53931456593534 1.53931456593534 0.0339260467910503
2
3 3 1.53931456593534 1.53931456593534 0.0339260467910503
2 135319736 0 0 1
1


Dependents 0


Aggregate 0

CSG
0

